0 716 1594 1004 2528 3951 2348 1712 2061 439 1372 586
716 0 1133 1366 2200 3490 2422 2027 2135 1148 1446 1015
1594 1133 0 1679 3406 2357 3543 2206 3255 2017 2566 1641
1004 1366 1679 0 3541 4036 3365 711 3231 852 2385 408
2528 2200 3406 3541 0 5763 537 4242 800 2826 1389 3127
3951 3490 2357 4036 5763 0 5985 4563 5698 4347 5009 3971
2348 2422 3543 3365 537 5985 0 4066 298 2625 1131 2947
1712 2027 2206 711 4242 4563 4066 0 3779 1553 3090 1109
2061 2135 3255 3231 800 5698 298 3779 0 2338 897 2660
439 1148 2017 852 2826 4347 2625 1553 2338 0 1678 2660
1372 1446 2566 2385 1389 5009 1131 3090 897 1678 0 1962
586 1015 1641 408 3127 3971 2947 1109 2660 4929 1962 0